#Heap sort
#n time_s_avg time_s_std (for 3 trials)
1 7.966666666655206e-06 7.930251502117145e-07
2 1.6266666666690337e-05 4.78632310735117e-06
3 2.0566666666610445e-05 1.070119411822688e-05
4 6.786666666669383e-05 5.850591613008038e-05
5 5.2533333333289654e-05 3.125618161074259e-05
6 8.846666666665708e-05 5.198053054319504e-05
7 4.580000000002175e-05 1.0230347012698961e-05
8 8.946666666672283e-05 4.585355917362574e-05
9 9.826666666667982e-05 1.8795448621572852e-05
10 0.00010536666666660643 2.499230992836013e-05
11 0.0001395666666667387 1.393660248725936e-05
12 0.00010663333333334653 1.5439847437369297e-05
13 0.00012636666666672922 1.8174218613777118e-05
14 0.009333699999999926 0.013004971032134955
15 0.0002875999999999805 0.00017252223045164674
16 0.00025320000000002746 0.00014704477776055248
17 0.0002091666666666677 2.005265291410633e-05
18 0.00020129999999999684 4.0784065515930654e-05
19 0.0002589333333332296 5.2263201415782555e-05
20 0.00034526666666664 0.00015841418988070158
21 0.00048326666666668555 0.00021291390017772174
22 0.00020799999999998597 3.02879513998539e-05
23 0.00038726666666666354 7.419390511057952e-05
24 0.00024480000000000796 2.9802796289463756e-05
25 0.0003815000000000346 5.778604214405578e-05
26 0.0004887333333332874 0.00019628804231422615
27 0.0003340999999999668 0.00015755286943328688
28 0.00040133333333340165 3.718658659008125e-05
29 0.0005897333333333421 0.00039089436197300206
30 0.00037286666666669355 7.640839104592132e-05
31 0.0006093000000000348 0.0002900333199249853
32 0.0004143000000000156 8.655206525551343e-05
33 0.0005512999999999953 0.0001933585443332821
34 0.0004271333333334404 1.888073680300392e-05
35 0.0004569333333332981 0.00014302471425903108
36 0.0005496333333333178 0.00017857884035411308
37 0.0018837666666666013 0.0019267020187068151
38 0.0005573333333333726 0.00014165249340859426
39 0.0005806999999999155 0.0001787344398821532
40 0.0005456666666666296 5.742103756949531e-05
41 0.0005400999999999693 3.886009092461957e-05
42 0.0006935999999998869 0.00020954394924859254
43 0.0023917333333334234 0.0007857198751605018
44 0.0014432333333334786 0.0013190938438523356
45 0.0005499333333334929 2.3248847044364494e-05
46 0.0005976333333334397 4.949675634707559e-05
47 0.000704800000000135 0.00012334215283780342
48 0.0005921999999999686 8.087438820081157e-06
49 0.0006187666666666777 4.275716963889903e-05
50 0.0011088333333333367 0.0007865870002035635
51 0.0007587999999998374 8.343216805694648e-05
52 0.0006644333333333622 6.032756878538636e-05
53 0.0006041666666668869 4.463887194913619e-05
54 0.0006029999999999092 5.248358473531955e-05
55 0.0007906000000000487 0.00020119517886863072
56 0.001426066666666781 0.000943537444349045
57 0.0005426000000001707 8.849094115597355e-05
58 0.0008878666666665147 0.00027111385472186546
59 0.0007946333333334424 0.00012481058537734457
60 0.0035731000000001067 0.0038715945354164745
61 0.001696599999999826 0.0013473723786194187
62 0.0007795666666665646 8.043358889314803e-05
63 0.001851833333333423 0.001356477778005507
64 0.001815966666666539 0.0014027585782625048
65 0.0009812999999998517 0.00031998707265554286
66 0.0009469666666666043 7.621925974152402e-05
67 0.0022196000000000993 0.0020395152822833785
68 0.0023008000000001396 0.0014157728372401234
69 0.0009775333333332803 0.00011654196192302505
70 0.000872633333333391 8.980828964447825e-05
71 0.0022030333333333076 0.0015670209046324856
72 0.004083533333333407 0.004179412801126689
73 0.0020207333333333763 0.0011936358164122782
74 0.0016042000000000556 0.0004459949999719193
75 0.0018558999999999475 0.0007443850750788088
76 0.007280766666666771 0.0070499773542583456
77 0.006112466666666538 0.006310864227311254
78 0.001190699999999989 0.0002643328331228517
79 0.002320166666666642 0.0008783556847252884
80 0.0013256666666666324 0.0003526742059685403
81 0.0022552666666667185 0.0011243998853710253
82 0.0032606333333333737 0.0021689244129034016
83 0.0015121999999999265 0.00044769579701717927
84 0.0036259999999999812 0.0034962993016425005
85 0.0013792666666668414 0.00013082531185594574
86 0.0020572666666668717 0.0009150920038748432
87 0.0026095666666667108 0.0009766142545663686
88 0.0018761666666667527 0.0011438184772459485
89 0.001620133333333218 0.0007743063576875158
90 0.001336633333333263 0.0002576059178062938
91 0.001793566666666931 0.0011284755803985652
92 0.0014608333333333927 0.0004345235730719935
93 0.0032246333333333745 0.0017773737073433838
94 0.007972033333333073 0.008813058547909668
95 0.0017219333333334437 0.0002603042109189172
96 0.0038280666666666483 0.002930484922708591
97 0.003090999999999511 0.0014152993205205457
98 0.0034141666666667922 0.002729532083628124
99 0.0021065666666665686 0.0006430436601731693
100 0.003236800000000114 0.0016658551577694975
