#Jobschedule
#n time_s_avg time_s_std (for 3 trials)
0 0.0010281723340691922 0.0005883046015846531
1000 0.1278127070005818 0.007044673083671098
2000 0.6873461243333926 0.02502140145581231
3000 0.9420469610001115 0.053345561189309526
4000 1.6291823320001033 0.04070435152565466
5000 2.677144988333263 0.05096221424242969
6000 3.874601692333575 0.075554826182361
7000 6.11626826466636 0.5318999335006012
8000 7.6722185006662285 0.11891528423900981
9000 9.92912794833319 0.33128845695657727
10000 11.874981067666644 0.4033440266831789
