#Jobschedule
#n time_s_avg time_s_std (for 3 trials)
0 0.0004725006668498584 0.00021364445521970002
100 0.0015832316676096525 0.0001997639121845662
200 0.004388518665412751 0.0005149443605136781
300 0.007833466666246144 0.0010651915771324352
400 0.013661628666644296 0.001076088683191423
500 0.02038369000001694 0.001271341278007495
600 0.028766080665567035 0.0011847474150176545
700 0.03999584666720087 0.0006663386368341805
800 0.05164868499802348 0.001458062720850273
900 0.06793907333243017 0.0018196384342010598
1000 0.08433615333342459 0.0025480325316803794
