#insertion sort
#n time_s_avg time_s_std (for 3 trials)
1 8.099999999992372e-06 7.071067811807126e-07
2 1.4133333333332665e-05 1.4383632673767754e-06
3 1.7266666666682084e-05 3.720513704055994e-06
4 1.8533333333348168e-05 2.0949675149621184e-06
5 2.8733333333345417e-05 1.8162660108644063e-05
6 2.3033333333311035e-05 5.844845782596329e-06
7 2.033333333336292e-05 3.859476072671527e-06
8 0.0003327000000000006 0.000439565793330923
9 3.133333333334617e-05 3.5593382656522316e-06
10 3.1133333333303405e-05 2.1483844059185553e-06
11 2.9266666666694086e-05 5.412536887165634e-06
12 6.583333333335754e-05 3.566598130185384e-05
13 5.9633333333290274e-05 3.703919845544171e-05
14 5.8966666666678456e-05 1.1930446578209614e-05
15 6.926666666669708e-05 1.4005316450882978e-05
16 0.0001227666666666257 7.272873496007503e-05
17 0.00012109999999998511 5.529671479092681e-05
18 8.576666666667195e-05 2.8853692234345877e-05
19 0.0001763000000000181 0.00010919819900832556
20 0.00016410000000003736 3.759689703510141e-05
21 0.00015083333333328527 4.8033622483549955e-05
22 0.00013583333333329803 2.6189225944203525e-05
23 0.00024780000000005725 0.00015140398497618984
24 0.00014246666666665556 2.5088819997945214e-05
25 0.0001847000000000006 1.945987324383474e-05
26 0.0002063666666667352 3.413701152052601e-05
27 0.0002463333333333484 3.354343784150601e-05
28 0.00022283333333332026 5.3179841627788864e-05
29 0.0002111000000000196 3.917380076866005e-05
30 0.0011359333333333204 0.0010830422655136204
31 0.00032640000000006 7.475457622562991e-05
32 0.00029120000000000995 2.218513015508854e-05
33 0.000573600000000063 0.00037387383790082564
34 0.00030860000000002924 0.00010256844868992727
35 0.0003066000000000457 3.219078543100495e-05
36 0.000325433333333347 3.374752665824771e-05
37 0.0004501999999999562 0.0001270238035436047
38 0.00042603333333346427 0.00014344990608412502
39 0.00048156666666665515 0.0001586869104733148
40 0.00045443333333331876 3.896197576544956e-05
41 0.00041373333333331413 2.9461990579280462e-05
42 0.00048163333333328673 2.5293784919435783e-05
43 0.0004497333333333131 1.9057165464861858e-05
44 0.0006045666666666764 0.00024844656478916047
45 0.0006349666666666624 0.00010867561312873424
46 0.000984000000000022 0.0005463992496333535
47 0.0006947999999999954 0.0002933947625071821
48 0.0005172999999999798 0.00011686011580800918
49 0.0005515666666666696 0.00013929351105566856
50 0.0006464666666667895 0.00011530279942631799
51 0.0006600000000000309 5.717347870004935e-05
52 0.0006866666666666502 4.539840917433782e-05
53 0.000696466666666673 0.00013312714056707713
54 0.0007465000000000573 6.536115054063343e-05
55 0.0010357000000000838 0.00041504758763306654
56 0.0007999999999999859 0.000141333011005879
57 0.0013392333333333006 0.0005937225633426826
58 0.0009686999999999705 0.0002864785157738561
59 0.006535400000000043 0.007351148618186667
60 0.0008667666666667037 9.133036491523917e-05
61 0.0011723666666666095 0.0004794698275757108
62 0.0008801666666666819 0.00016245594958487234
63 0.0014618333333332363 0.0007504340092387702
64 0.0008904666666668485 8.271949924637611e-05
65 0.0009836999999999207 0.00014581634567738293
66 0.0011959333333334914 0.0006269283549356942
67 0.0017201666666665598 0.0009382708718110322
68 0.0018750333333332019 0.0006931204096131815
69 0.0013134999999998935 0.00036416332416459635
70 0.0018435666666668145 0.0007372446465651428
71 0.0014690666666667223 0.0004192591110782988
72 0.0010992999999999142 0.00028118557336140717
73 0.001975633333333319 0.000530205308242941
74 0.0014313999999999716 0.00020806870660127993
75 0.001559833333333464 0.00026606938109355457
76 0.0016655000000000975 0.00020580714273299105
77 0.0032053666666665612 0.001567915627690257
78 0.0020484000000000613 0.0008624416965801886
79 0.0015029333333334745 0.00021536413092455937
80 0.0015950666666667186 0.00036649243133026865
81 0.0023211333333335027 0.0010642535610569204
82 0.0014964000000000273 0.00021745419441045324
83 0.0017040000000000017 0.0009238117809741296
84 0.0017926333333330529 0.0008046843245784037
85 0.001783333333333322 0.0004923279417444289
86 0.0023132999999999626 0.0005124036950166779
87 0.0018947666666668066 0.00029037036503206005
88 0.0019439333333332403 0.0002802419470545252
89 0.0014983333333334532 0.00017345397724530465
90 0.002287266666666602 0.0008331489035915295
91 0.0016150666666668496 0.00022874616693804338
92 0.0017979666666668355 0.00012264257915667082
93 0.0016912000000000778 0.00015258947102174476
94 0.0014613000000001837 0.0005083038526969948
95 0.0024250000000001215 0.0012491649557473076
96 0.0023152000000001096 0.0011609071653955107
97 0.0015755000000001 4.3949744026398165e-05
98 0.001914233333333441 0.0006169443050677256
99 0.00267623333333337 0.0013048257465611572
100 0.002536166666666636 0.000879945719285531
101 0.0019516000000002383 0.0002048683642408116
102 0.002937399999999979 0.00018952535450438146
103 0.0026136333333333837 0.0005676328527802224
104 0.001841233333333303 0.0003436712026860244
105 0.0021773666666667544 0.00016374729175030537
106 0.0020312333333335117 0.0005007782365701239
107 0.002334333333333364 0.00045643181552380396
108 0.003153333333333267 0.0008936553635986536
109 0.002384000000000016 0.0001622888166201105
110 0.0017615000000000454 0.0001189638880781825
111 0.0023426999999999567 0.0003488381955386395
112 0.0024078666666665547 0.00034564006647885934
113 0.0023824000000001178 0.0005362752527076725
114 0.004019433333333211 0.0009838293223701242
115 0.0028684666666666616 0.00020488280118709175
116 0.003319966666666563 0.0011828129644575692
117 0.0025025999999998363 0.0006621799503658235
118 0.0031806333333334416 0.0003812008598567485
119 0.003045233333333582 0.00037312379834188994
120 0.0025256666666665004 0.0006252046402754538
121 0.003797666666666958 0.0003491456652394829
122 0.0033734333333335087 0.0011089358332301762
123 0.0028137999999999033 0.0005786969212518415
124 0.013495266666666636 0.01611527789031939
125 0.0049533333333335134 0.00042482307166899334
126 0.0027585999999999444 0.0006207762291407945
127 0.0027359666666667928 0.0007399648204849274
128 0.003568566666666643 0.0007946917445702846
129 0.004303666666666928 0.0011583418388175634
130 0.002675799999999858 0.0008265464576575986
131 0.0031766666666666055 0.000715848202406511
132 0.0045220333333334155 0.0009773916865255202
133 0.003522499999999873 0.0011718322775323218
134 0.005338366666666576 0.003281301240192235
135 0.003464433333333202 0.001075887777088954
136 0.003185433333333284 0.0005272121984759416
137 0.003489866666666804 0.0012524649092448294
138 0.0037975999999995125 0.0009755958281992933
139 0.00295159999999998 0.0009459612818011389
140 0.0035574333333331745 0.00039376324810195125
141 0.005357766666666504 0.0008161543168349241
142 0.0024833000000000402 0.00046098634108460135
143 0.008409333333333121 0.004639934073047065
144 0.004940200000000357 0.0011950400579060704
145 0.004405733333333532 0.0010089272862248836
146 0.0047768999999998245 0.0015534834233641688
147 0.004603366666666571 0.0018059198290309496
148 0.004724200000000067 0.0014360775768274751
149 0.006118333333333226 0.0013416357213822125
150 0.007633866666666951 0.0012273124903173583
151 0.007703466666666436 0.0004581151335150101
152 0.008618399999999879 0.0039024658085196383
153 0.0048063333333330975 0.0007359706078066805
154 0.005633833333333449 0.0012177095913592203
155 0.005655033333333392 0.0005034192045953333
156 0.009173433333333314 0.0039190432517244266
157 0.013698866666666495 0.005543884119960987
158 0.008398399999999917 0.002180904431651951
159 0.0055835000000001855 0.0009622409573491633
160 0.009619833333333716 0.005421211489039264
161 0.005965233333333171 0.0024798992000124383
162 0.007296566666666671 0.0026471128729661036
163 0.00534453333333366 0.0028474550980754614
164 0.008700033333333282 0.0018272406707625114
165 0.008372099999999586 0.0017822596350328705
166 0.006595100000000483 0.0016708489877904475
167 0.009309866666667036 0.0015665873150118932
168 0.020010933333333075 0.010700817658893653
169 0.004552066666666299 0.00018445787835940088
170 0.007452666666666848 0.0003607841675510417
171 0.0051059666666667764 0.0006161816687378527
172 0.004932799999999737 0.0015337776957565028
173 0.007469799999999971 0.0019064459202049197
174 0.005030099999999926 0.0009228690517438097
175 0.006801466666666478 0.0006985768978586767
176 0.011601566666666821 0.0031033011695434784
177 0.004843933333333143 0.00036232862922392744
178 0.007076166666666772 0.000904234764256092
179 0.004839433333333254 0.0008501113822447913
180 0.006443266666666503 3.495752978824113e-05
181 0.00537223333333318 0.0007046332489708898
182 0.008246666666666513 0.0012276669644312658
183 0.006734500000000014 0.0015473602963328543
184 0.010129966666666176 0.0055028124278004515
185 0.011937566666666713 0.0024723787686264614
186 0.005027066666666376 0.001053599880831868
187 0.005621633333333283 0.0005813525054179444
188 0.005396333333333558 0.0006014871588173133
189 0.007079200000000026 0.0017656731596381661
190 0.007924699999999932 0.0022220702419142304
191 0.0054474999999998275 0.001305881794037973
192 0.012327900000000133 0.004772540197840087
193 0.007596033333333511 0.0007166374552182568
194 0.007391033333333574 0.0029546626951684946
195 0.005924066666666524 0.00104674742682081
196 0.006599666666666337 0.0018923218019727271
197 0.008932333333332801 0.0012623979360277015
198 0.005228000000000084 0.0007978481852253047
199 0.016279100000000213 0.006541969561225887
200 0.008427300000000434 0.0019173948802124426
201 0.008713766666666345 0.0017268610875102706
202 0.006768466666667194 0.001613320394575761
203 0.00949390000000013 0.0005863810535827501
204 0.008285133333332695 0.0002750578282637156
205 0.008462233333333439 0.0004672985507731074
206 0.009320899999999336 0.002945387310128446
207 0.01192493333333348 0.006417463643492795
208 0.007141600000000044 0.0018069569779054031
209 0.008512033333332761 0.0003824953972126796
210 0.0072017666666669795 0.0033713211973290646
211 0.00930376666666651 0.001980714815974015
212 0.008540066666666254 0.0012584027451057137
213 0.017630899999999745 0.007150113321246933
214 0.009262466666665858 0.0007337365982116453
215 0.006892599999999878 0.0004387531044525414
216 0.008049833333332757 0.0016738385830843633
217 0.010008200000000281 0.0009299242657334247
218 0.008163666666666458 0.00039666582352864544
219 0.01472586666666705 0.006708623761664048
220 0.0072458333333334695 0.0012782097097977947
221 0.009860766666666501 0.00042191026955420595
222 0.009508033333332833 0.0014819563338896956
223 0.008865566666666306 0.0016772322147578813
224 0.007051233333333684 0.0006953451724787244
225 0.009030100000000374 0.001787877548007084
226 0.021165399999999224 0.009928966803583883
227 0.008230900000000338 0.0025200435035922838
228 0.009796700000000769 0.0005212101367649342
229 0.00935596666666664 0.000363108985781935
230 0.0107248000000002 0.0011694118721243207
231 0.009807633333332197 0.0008797418156610997
232 0.009346833333333748 0.0019474522438874384
233 0.017793433333333535 0.005962148578230362
234 0.010552099999999362 0.0016667185145274783
235 0.010199300000000022 0.0005833062031787621
236 0.00990636666666648 0.0011193692311099524
237 0.010561266666666569 0.0020919974192680746
238 0.009079166666666675 0.0010658782054656102
239 0.011385633333333681 0.0012887213516582904
240 0.01429113333333317 0.0031197941388637794
241 0.01102156666666628 0.005482051079862435
242 0.00975459999999965 0.0028211711090729446
243 0.009211433333333 0.0034763080112222553
244 0.010998966666665666 0.000785954202793584
245 0.010448666666666403 0.003063327572355548
246 0.017300033333333076 0.007073241247750329
247 0.012872899999999632 0.0012150958480704867
248 0.00896833333333428 0.0015038642809626134
249 0.010945366666666345 0.00037261348457738087
250 0.010010366666666215 0.002735626569707329
251 0.01374733333333289 0.0023469315347678646
252 0.02641646666666671 0.009568033843770864
253 0.012631766666666877 0.002252820847047303
254 0.013652999999999693 0.0016579725047983222
255 0.012953033333333272 0.0020623435251079358
256 0.01228540000000026 0.001547532812792444
257 0.012669099999999508 0.00070820020239079
258 0.019770533333333635 0.008750203683851793
259 0.011475133333332721 0.0022718796583930806
260 0.01192093333333292 0.0025349668628117396
261 0.012582166666666339 0.002632090976560216
262 0.01062449999999989 0.002706992589572504
263 0.010971700000000103 0.0018350693283912154
264 0.03255640000000012 0.01374762317954152
265 0.009542900000000168 0.0019908178168778342
266 0.012942500000000004 0.000500754317671337
267 0.014488866666666192 0.0016637428353633433
268 0.012685333333333068 0.00022567073851571668
269 0.017837033333333235 0.001277903643559375
270 0.017630566666667253 0.007305545679976774
271 0.010554633333333877 0.0017386913360985363
272 0.015197033333333701 0.0015075758296753932
273 0.01217429999999986 0.001103995691416543
274 0.0123687333333334 0.001495968059670992
275 0.021726166666666675 0.01060361329621015
276 0.013581299999999649 0.0022937950097303094
277 0.012477466666666714 0.0022538964340796676
278 0.01345956666666659 0.001067543205474761
279 0.012895433333332798 0.001986531386333438
280 0.02879986666666608 0.010326048988951479
281 0.010881666666666826 0.002010318741449333
282 0.016370033333332756 0.00022324608743621007
283 0.01285319999999975 0.0002791712855342077
284 0.015517133333333414 0.0015942420693092014
285 0.016382800000000586 0.0018618938387205198
286 0.023465366666666654 0.009311957494652464
287 0.012137066666667215 0.00031879181642931686
288 0.014144033333333065 0.0012095765273665256
289 0.013760400000000672 0.000701950895718075
290 0.013398533333332926 0.002264756258162525
291 0.016174433333333127 0.001221723420237271
292 0.026445966666666248 0.012160323873245267
293 0.014801800000000162 0.0017612293566337672
294 0.012227933333333496 0.0010773161230061283
295 0.013460466666666449 0.00043381840542928865
296 0.016056666666666903 0.0015430559340340868
297 0.022023633333333237 0.006913359075652009
298 0.014927833333333732 0.0012905623847330014
299 0.017441799999999102 0.0018672016066834931
300 0.014579666666666213 0.0009845262222122095
301 0.016074500000000214 0.0009331551103652649
302 0.019136633333332636 0.00977317714336287
303 0.020422200000001094 0.004520629091915159
304 0.02139130000000004 0.0018959740100187273
305 0.017648100000000017 0.0025010482975466
306 0.01608526666666658 0.002388385170406963
307 0.034581300000000446 0.01449031648538795
308 0.015459133333333597 0.0006295479877577861
309 0.016214133333332843 0.0020013049514978776
310 0.01881913333333311 0.0011199808639240588
311 0.017593766666666493 0.004546143521222047
312 0.01700926666666665 0.00534299002764942
313 0.03839553333333375 0.013030034004645358
314 0.017492466666666928 0.0018947968920775713
315 0.01901553333333202 0.0010364021238028673
316 0.01702203333333448 0.0022968281670348463
317 0.01824959999999957 0.0020923125069348104
318 0.017139433333332715 0.002384898289002624
319 0.023787833333333452 0.008740353484206764
320 0.01746779999999859 0.0022225605548549985
321 0.016578600000000183 0.004305102063831604
322 0.0216270000000011 0.007374126804351677
323 0.021753633333331617 0.002652564156097593
324 0.020333533333333282 0.006807207578409261
325 0.01728653333333341 0.002480290324850387
326 0.018225066666667306 0.002893681007911617
327 0.015152266666666728 0.002231614407153831
328 0.020208300000001362 0.007257453943360151
329 0.022983133333334866 0.006616950825636059
330 0.019241299999998535 0.0007730185163806405
331 0.019470866666665643 0.0032181441280494504
332 0.016965666666666362 0.002073148224855989
333 0.014953499999999545 0.0010427711254157167
334 0.01879606666666689 0.002680519663963039
335 0.03077509999999961 0.01098511413261846
336 0.015864966666666664 0.0017946054762979441
337 0.019106799999999424 0.0009454730350472628
338 0.0186431666666671 0.0023600918969855864
339 0.01808980000000086 0.001915977204108164
340 0.017536866666667095 0.0016551372658749999
341 0.027771600000000046 0.010290481382649094
342 0.017523600000000528 0.00201139384672853
343 0.019611266666667387 0.0029153112770721667
344 0.017320833333332786 0.000981778557292039
345 0.030856899999999854 0.013919209982131723
346 0.0260655666666653 0.008384041629322695
347 0.018857033333333106 0.0031267175305037457
348 0.018022400000000733 0.00023339721506465658
349 0.019446499999999627 0.0023216732644073808
350 0.03145723333333331 0.010346888662887806
351 0.032702066666667896 0.007768511216156339
352 0.04032409999999942 0.013762637267617011
353 0.03498546666666632 0.00682795930193683
354 0.03287006666666651 0.005702798328500455
355 0.04224949999999931 0.011564547640957632
356 0.050529333333333426 0.03065226502694791
357 0.027026533333332974 0.00913689304060965
358 0.03299103333333401 0.0035423066282981083
359 0.03326900000000066 0.0002344211594540719
360 0.050013533333333506 0.015576925587618461
361 0.03509289999999984 0.0016639149978288697
362 0.02899486666666699 0.004048736337289847
363 0.04355863333333332 0.008378245503817619
364 0.04159073333333296 0.017341740355825905
365 0.020493400000000623 0.002829561818845483
366 0.05500326666666666 0.015348762758026923
367 0.03967069999999969 0.009198339818684743
368 0.055324000000000005 0.013469062509321991
369 0.041717466666667015 0.012456050917880886
370 0.02636010000000037 0.009449171092041252
371 0.019744500000001608 0.000896876985247911
372 0.02685036666666581 0.0009555370578300173
373 0.02399253333333225 0.0030716210664008797
374 0.029622066666667262 0.006705504644361685
375 0.02248946666666522 0.0007404460157388547
376 0.026042033333331698 0.002077663471840335
377 0.021552033333332332 0.001824196875948231
378 0.03912260000000126 0.015473634650160528
379 0.025336166666667975 0.005797927635707315
380 0.021891966666666225 0.001603577804647822
381 0.024016333333334455 0.00397691627967641
382 0.04173999999999959 0.015283974124771746
383 0.021956433333331898 0.002523126237208908
384 0.021366633333334068 0.001205923381572038
385 0.023319833333331985 0.0025744370262686922
386 0.03645816666666709 0.007904287878670084
387 0.025068400000000917 0.0015464773971830684
388 0.025757533333333527 0.0008460159822497547
389 0.04112383333333369 0.0029978312564617293
390 0.028040066666668178 0.00264768324683241
391 0.03724073333333422 0.010121757206577807
392 0.02500269999999934 0.00359035197810211
393 0.02694743333333231 0.0024234460441467276
394 0.025757133333334774 0.0028717586369483954
395 0.042051499999999464 0.01842192367859439
396 0.05117160000000117 0.023087222603568238
397 0.023517199999999388 0.002261599470874763
398 0.03149543333333327 0.002248008388676386
399 0.02681693333333257 0.002160325827792114
400 0.023775933333332944 0.0029871311379908354
401 0.03739733333333343 0.014307966556278499
402 0.02890680000000027 0.00839126013897894
403 0.02348246666666635 0.00021917813658262118
404 0.03496590000000074 0.008990771683232212
405 0.04726713333333284 0.012201525790199395
406 0.044690033333334135 0.012846339510882729
407 0.05496416666666567 0.013059316042410405
408 0.048737333333334 0.01055704832022513
409 0.03341656666666637 0.0012705547458575384
410 0.029503399999999402 0.001691041826803533
411 0.04512160000000046 0.008242537062092974
412 0.03439236666666782 0.005279400031780225
413 0.025905266666666666 0.0005230875601212915
414 0.028117166666666787 0.004839447544456835
415 0.030369933333333893 0.006120394052854367
416 0.028509699999999565 0.0030117035588988197
417 0.028064966666666653 0.0026561572108777572
418 0.026657500000003626 0.0017983665106598983
419 0.04263279999999744 0.016683812988841324
420 0.028388866666666956 0.0013042172680318856
421 0.02876180000000043 0.0007455123517854473
422 0.028755600000001397 0.0028531198502691067
423 0.05421253333333217 0.03779558230307996
424 0.038265600000002564 0.0025123871211788183
425 0.04516386666666724 0.01120270251452264
426 0.030307066666667975 0.003888005266058022
427 0.03347276666666469 0.005140230804371219
428 0.05024863333333466 0.021507897187982433
429 0.031310333333332586 0.003612497723487586
430 0.0356678333333349 0.001709309112544
431 0.058285166666666534 0.014727648361121446
432 0.028155033333334245 0.0016776701331192375
433 0.02914666666666695 0.0010309585712140919
434 0.030243699999997393 0.0009651965326641795
435 0.05249669999999895 0.030317936629108522
436 0.0346885666666689 0.000994011355850197
437 0.03285736666666613 0.005571779802621682
438 0.030038866666664887 0.0009359807559761774
439 0.03086896666666424 0.001979368778735702
440 0.04255486666666523 0.009774938089262511
441 0.03182326666666787 0.0016305996449854129
442 0.029140299999999304 0.002771430451348565
443 0.03147149999999973 0.0014826483804287938
444 0.04013023333333384 0.012036635900539973
445 0.02999819999999905 0.002705210676949684
446 0.030290499999999554 0.003488368011931087
447 0.045378866666666795 0.013451424434445629
448 0.03183789999999931 0.004655531162678063
449 0.03297633333333039 0.0027053619059587103
450 0.030953966666667537 0.004011939732292063
451 0.045475333333335755 0.017574371778689608
452 0.03207953333333317 0.003005459433909919
453 0.04846673333333248 0.015009320867678259
454 0.05104553333333447 0.016734857302514283
455 0.054083699999999624 0.01558821600333591
456 0.05510386666666752 0.0066930055103940145
457 0.04685789999999912 0.00675689817939154
458 0.0821808000000009 0.037957019137265
459 0.0638441333333309 0.014257991013306551
460 0.040950833333331126 0.004922523242087269
461 0.03588743333333374 0.003862987755898314
462 0.04808779999999994 0.017324685393391506
463 0.03235009999999979 0.004255664677423182
464 0.03079316666666661 0.003868270106337378
465 0.02994736666666853 0.001784229016193492
466 0.0456350333333333 0.019703546980906924
467 0.032736699999998585 0.0028017037471278596
468 0.036881966666667175 0.001024813460534008
469 0.03250916666666607 0.0018063899289912286
470 0.05617353333333123 0.028730313387469838
471 0.031681833333332556 0.003889600677306038
472 0.03465116666666527 0.0027446224383130837
473 0.03470893333333436 0.003247764778362292
474 0.05263186666666778 0.012859533852706485
475 0.03706086666666882 0.002324713353417271
476 0.03616343333333324 0.004854605998659561
477 0.048330133333332505 0.022065166940579355
478 0.03473533333333497 0.0036515180791337827
479 0.05494656666666723 0.018939663607773726
480 0.07061206666666682 0.017139307283031893
481 0.05595863333333284 0.018741454899292572
482 0.04725316666666638 0.010685061864221542
483 0.03739150000000061 0.0028095084635318917
484 0.05429466666666608 0.025746341864211892
485 0.04178449999999856 0.004328021111316371
486 0.03696886666666899 0.002696156368282044
487 0.03760850000000223 0.0032295589492498354
488 0.037682200000001366 0.005568058947843217
489 0.0540898666666673 0.004554198941879075
490 0.058439366666666125 0.01558721620737807
491 0.03943013333333075 0.005640133662915386
492 0.04097569999999706 0.004305181790198872
493 0.08297790000000067 0.03421646426103152
494 0.051879666666666914 0.0016859519691309124
495 0.049923333333334576 0.0039944989584298
496 0.07160193333333353 0.02889788409859092
497 0.05578846666666711 0.004317584062363355
498 0.05418533333333405 0.00773621025323306
499 0.04317053333333121 0.007308287628134307
500 0.05147513333333601 0.020246954466675435
