#Selection sort
#n time_s_avg time_s_std (for 3 trials)
1 1.5633333333357296e-05 8.074789298919244e-06
2 0.00014333333333334716 0.00018581091344582515
3 1.6566666666680458e-05 8.178562764507128e-07
4 0.0006013999999999742 0.0008232151764068778
5 5.1233333333381793e-05 3.569662293398638e-05
6 2.513333333335292e-05 1.5542057635859282e-06
7 3.059999999995474e-05 2.9698484810427315e-06
8 3.883333333328428e-05 6.80800182781414e-06
9 4.139999999996924e-05 2.1771541058468207e-06
10 6.456666666661744e-05 2.9392327041111436e-05
11 9.660000000000224e-05 4.518030544385955e-05
12 0.00012050000000004187 1.172774488128856e-05
13 5.32333333334023e-05 1.314796139670804e-05
14 9.253333333340367e-05 1.606535264339257e-05
15 0.00011863333333339554 1.9307396395069858e-05
16 0.000100000000000063 1.153198450686558e-05
17 0.00016736666666668695 4.561464189882727e-05
18 0.00012036666666663069 1.1731818084002533e-05
19 0.00017663333333336104 3.5148858049984346e-05
20 0.0001611333333333409 2.8096065363115968e-05
21 0.00013599999999983994 8.473881440483426e-06
22 0.00023296666666657492 0.00010528457732369485
23 0.0001778999999999531 2.402623566029343e-05
24 0.00022526666666659403 5.93784659807145e-05
25 0.00022353333333343292 5.6864361032367166e-06
26 0.0008264999999999892 0.0005877923499559432
27 0.00036296666666683447 5.8843540191138984e-05
28 0.0003850000000000057 0.00018619221251167195
29 0.002562199999999996 0.0031841941774960886
30 0.00035039999999993593 0.00014848126705631275
31 0.00040169999999998635 7.683766437543365e-05
32 0.0003378666666666863 3.5910382280913963e-06
33 0.00046846666666663 0.00015775078094539322
34 0.0007988333333333782 0.0004981640582065485
35 0.00039450000000000135 3.028101715594307e-05
36 0.0013518999999999615 0.0012744297731404144
37 0.0004083333333333439 2.8957017955795912e-05
38 0.0014732666666666578 0.0011848632476178375
39 0.0028285000000000484 0.0016486333087338304
40 0.0005889333333333931 0.00017981743210513393
41 0.0004095333333333784 4.670398507858488e-05
42 0.000491033333333372 5.654911336382251e-05
43 0.0005807000000000636 2.199105878903938e-05
44 0.0005676000000000384 3.4753225269958494e-05
45 0.0006412333333333612 0.00014793715632725795
46 0.0005307999999999424 3.4545043059699776e-05
47 0.0005782999999999946 2.522895162305797e-05
48 0.001487166666666632 0.0012360518444717587
49 0.0007052000000000724 0.00019792550787268008
50 0.000615666666666644 1.369509238942529e-05
51 0.0006994666666666483 9.426237613992652e-05
52 0.0007376333333333207 0.00011221652680820091
53 0.0016239333333335122 0.0012082695762489133
54 0.0008002666666667343 0.00013476897104168687
55 0.0013865000000000312 0.0009702302510228933
56 0.0010996333333334423 0.00040894799452030416
57 0.001956933333333281 0.0016933456712147697
58 0.001185600000000046 0.0002536288232831975
59 0.0008532666666664449 0.00011474497326199205
60 0.0010296333333332797 0.00028585509538133527
61 0.0009622000000000241 2.7400851568410973e-05
62 0.0011865666666666108 0.0004880003028232481
63 0.0009518666666667267 8.497804945334613e-05
64 0.002547500000000221 0.0023424061148030906
65 0.011678600000000058 0.015274885322209898
66 0.00170476666666645 0.0007318173102321482
67 0.0013984999999997842 0.00038481167688462245
68 0.001009566666666591 0.00018523974255610067
69 0.0017515999999998162 0.0008255048031356404
70 0.002217833333333511 0.0013512711801197336
71 0.0011895000000000284 0.00024749173723575787
72 0.0017381666666668554 0.00035634915774046007
73 0.001738700000000204 0.00045773106368973194
74 0.001702366666666677 0.00023496019993938914
75 0.0013170666666667923 0.0002331252643729029
76 0.0014577999999999907 0.00040845829652485567
77 0.001984966666666773 0.0005524194320341084
78 0.0018844999999999186 0.0010870914619599942
79 0.0020539000000000898 0.0008531311309913362
80 0.0014302333333331418 0.0002365447150587678
81 0.0022072666666666705 0.0010667323761011666
82 0.0030787333333333797 0.0018154434468991673
83 0.0019059999999999633 0.00022284673357868205
84 0.0026984666666665844 0.0013139517046763154
85 0.001351199999999923 0.00018911611953142477
86 0.0020811333333332627 0.00022246792028398612
87 0.004320166666666718 0.0017776875809757502
88 0.002038866666666639 0.0003004435868658806
89 0.0018736000000001418 0.0003889636572569153
90 0.003262033333333451 0.001507823774701646
91 0.0029557333333335065 0.0020807454326647818
92 0.0015424666666665014 0.00024816379447619564
93 0.0035731000000001067 0.0010769189972632432
94 0.0016747333333332708 0.00033146988131988077
95 0.0032704333333334703 0.0009567115215964678
96 0.0030289666666667436 0.0007205999182780148
97 0.003298333333333403 0.0023640906699100776
98 0.0024968666666665604 0.0005410275429423855
99 0.002736133333333187 0.00011344100767458933
100 0.004128033333333263 0.0010852356589955547
