#Jobschedule
#n time_s_avg time_s_std (for 3 trials)
0 0.0004901666666666804 6.18095102354956e-05
1000 0.10698766666666666 0.0010446890265634473
2000 0.4344651000000001 0.005422821162457801
3000 0.9854807999999999 0.016253352121331652
4000 1.7537162333333336 0.0009412361883300685
5000 2.7427199666666677 0.012276964932299355
6000 3.982345366666666 0.018023016542619348
7000 5.424263933333331 0.032665939767831845
8000 7.044360799999997 0.021782524400535366
9000 9.143573900000002 0.1485651191938552
10000 11.702298399999995 0.3736488352452632
11000 13.689351733333334 0.11336468684490894
12000 16.208021533333334 0.40160583979445985
13000 18.95221166666668 0.20133906005053603
14000 21.925845366666675 0.1500026090537849
15000 25.4941257 0.3912813792766921
16000 29.130540733333323 0.43472846280695754
17000 32.892954100000054 0.6089299698669488
18000 36.56791363333332 0.13870135214994925
19000 41.04909453333338 0.14645442641747408
20000 45.49918786666664 0.18302355194715467
