#Naive solution for the Travelling Salesman Problem (TSP)
#n time_s_avg time_s_std result_avg result_std (for 3 trials)
1 1.779999999995674e-05 1.512172829637722e-06 0.0 0.0
2 2.4100000000008375e-05 7.71621668951666e-06 108.24276072597576 24.265986148361907
3 1.7900000000015126e-05 6.683312552556307e-07 192.51416171533904 45.13912607865694
4 2.4500000000019877e-05 1.6309506430655626e-06 183.04198507368974 30.224541396873107
5 6.27666666666397e-05 3.711543554303146e-06 213.5002340474401 61.23916436173521
6 0.0002804999999999798 2.393783615948048e-05 188.13600681653529 17.414743712121663
7 0.0018257999999999885 0.0004209034172666385 276.35789073451775 26.795833718193023
8 0.014856333333333324 0.004530338392315674 253.31612026852997 16.109044628087975
9 0.06172786666666671 0.008064731865901594 272.8067739840347 13.728480335019801
10 0.4742553666666667 0.010525058919972262 300.67121040994317 42.28765387560352
11 4.863224866666667 0.05987170202114583 297.45372212676307 31.10922537988357
